    437     10    485    512    913    102    689    500    431    888
    637    257    503    221    175    615    633     59    710    182
    274    411    671    404     30    538    455    210    401    816
    657    828    816    734    341    331    826    622    424    258
    510    653    107    606    467    272    221    100    913    523
    272    779    924    535    183    547    666    230    747     67
    638    997    487     56    731    818    970    160     43    986
     10    145    639    699    741    106    961    554    788    477
     78     60    256    992    188    430    539    844    252    879
    901    483    876    388    529    209    799    101    359    434
     87    951    569    319    650    311     17    214    855    796
    681    525    448    927    518    626    949    649    470    794
    528    963    277    996    944    398    798    743    490    749
    177    169    701    338    478    351    639    486    157     97
    874    828    612    322    756    722    939    307    964     11
    101    492    965    368     91    909    757    879    254    839
    230     23    998    921    351    477    865    583    555     22
    670    429    841    874    741    199    597    282    496    561
    284    588    645    841    548    328    352    305    799    198
    144     30    211    735    941    154    212    408    727    359
    421    989    778    854    864    121     53     63    394    141
    216    270    321    453    703    860    374     55    165    173
    243    892    785     46    627    329    190    431    727    510
    382    148    499    160    594    955    271    239    610    257
    371    418    119    682    862    812    542    236    459    300
    991    294    784    777    922     13    106    113     36    823
    613    408    564    704    160    750    660     23    980    862
    863    351    281    972    625    143    387    760    961    438
    652    554    723    436    923    645    439     29    350     67
    445    555    465    601    852    217    351    512    230    331
    374     93    274    247     66    492    972     45    252    933
    473    894     90    788    330     13     36    361    625    376
     20     70    524     77    263    376    284    604    480    504
    528    446    588    792    684    246    876    656    873    128
    192    346    614    272    135    934    867    161    887    492
    129    499    552    245    566    407    611    840     12    683
    345    132    130    525    914    406    363    791     62    236
    511    836    174    126    700    891    652    568    644    142
     60    764    631    205    601    198    602    805     38    206
    488    965    328    608     92    835    606    445    228    261
    273    729     97     40    447    788    921    100    948    566
    824    998    922    455    795    523    245    398    328    866
    594    409    831    515    609    516    350    216    553    568
    467    817    889    554    449    337    934    370     29    882
    926    843    483    450    890    278    566    136    268    486
    992    455    885    425    960    495    931    310    303     87
    470    760    894    359    906    343    686    443    305    307
    917    824    150    400    274     41    669    830    759    529
    317    353    974    794    768    934    881    302    836    184
    379    306    536    865    258     45    800    536    478    105
    834    987    521    576    388    786    209    649    218    958
    178    127    903    153    912    274    679    395    566    516
    172    537    414    698    994    662    335    396    199    405
     93     33    393    605    599    771    391    799    420    201
    359    190    319    263    925    823    527    605    810    685
    121    972    814    127    671    410    780    996    796    969
    402    879    594    387    484    785    158    467    186    170
    261    138    350    172    391    276    985    510    473    795
    787    584    370    601    303     41    603     83    629    399
    644    623    278    238     10    355    616    750    414    792
    910    665    920    853    827    903    721    414     15    194
    802    792    370    172    985    663    795    588    737     26
    977    973    242    848    212    834    795    420    585    801
    212     97    467    725    940    886    230    661    893    236
    845    297    620    807     61    606    471    846    786    208
    464    366    181    298    806    975    133    601    395    708
    402    200    397    461    517    338    940    737    591    435
    963     39    722    186    836    773    782    307    221    170
    107    675    526    871    964    332    448    689    525    436
    397    918    228    386    971    735    316    513     74    898
    938    630    529    660    806    957    433    190    857    644
    350    954    912    867    427    478    199    468    167    715
    894    156    235    714    532    798    449    839    312    513
    339    250    735    460    503    541    417    926    721    274
    173     72    821    677    929    840    155    720    308    904
     37    794     60    262    508    184    653    947    615    955
     63    944    797    788    996    300    922    414    819    643
    280    584    705    101    261    236    932    998    947    832
    902    576    627    554    829    135    728     84    675    344
     39    728    880    826    118    877    719     40    883    538
    276    163    122    971    847    965    800    381    963    349
    213    467    915    830     21    346    956    341    420    233
    277    449    553    750    868    661    627    189    294    112
    717    560    857    431    133    704    396    923     85    951
    272    881    418    780    711     31    126    269    362    537
    492    630    578     45    380     48    299    599    227    185
    303    536    337    160    957    460    457    945    976    134
    896    840     15    906    620    319    927    737    180    882
    866    265    512     46    892    484     85    191    675    894
    958    570    431    295    322    980    348    769    926    916
    496    822    756    501    331    969    412    258    308    583
    140    174    838    244    802    730    320    877    514    587
    374     74    157    795    360    470    775    300    831    303
    216    327    126    564    421    447    533    823    297    433
    998    428    199    438    264    992    169    575    471    275
    162    835    339    902    630    291    964    998    183    397
    301    389    715     19    546    728     58     79    551    346
    105    152    366    294    580    620    286    341    787    748
    606    542    583    538     46    806    421     10    406    595
    397    697    576    704    309    122     34    357    192    576
    295    287    320    651    173    890    864    450    232    253
    790    430    785    965    560    821    373    972    423    769
    169    413    467    735    709    368    848    734    715    632
    902     11    511    222    254    674    112    710    716    926
    954    506    949    341    472    509    755    835     83    178
    605    242    581    664    968    291     32    418     25    339
     50    519    932    551    731    779    817    435     91    534
    362     45     40    903    969    104    412    724    532     88
    892    729    320     76    985    880    949    609    298    566
    938    930     85    473    481    806    252    891    833    925
    425    787    563     57    690    532    744    695    256    276
    773    740    995    685    408    980    566    357    589    456
    913    129    387    590    592    858    988    436    351    822
    954    766    609    517    416    892     49    160    587    887
     28    360    229     23    637    628    595    203    577    776
    650     93    895     37    673     90    487    662    118    829
     86     72    197    685    181    603    179    812    355    756
    699    373    708    521    978    346    149    573    141    716
    349    781    401    837    410     75    519    888    329    229
    319    405    884    506    682     65    702    852    868    649
    210    169    615    511    680    593    847    421    759    978
    138    700    362    131    537    762    196    648    252    515
    868    561    512    354    660    787    409    954    241    277
    603    441     39    810    942    709    404    391    131    163
    370    851    853    324    972    983     86    761    631    921
    868    101    482    381    445    734    760    447    290    991
    316    486    432    345    296    967     55    690    358    768
    843    718    221    299    634    193    282    313    944    505
    234    415    199    308    388    236     43    148    673    323
    139    980    799    163    325     96    130    962    378    479
    730    814    789    941    113    424    727    977    727    273
     84    553    678    273    851    658    500    486    796    765
    402    925    745    793    681    663    481    801    625    850
    280    948    664     70    491    369     86    218    938    405
     84     22    948    354    878    799     13    378    878    799
    735    280    327    481     73    998    144    545    799    759
    987    672    309    651    732    791    612    410    601    550
    805    675    562    753     30    440    552     33    410    430
    424    146    302    741    219    366    341    353    503    141
    704    490    803     14    733    137    397    937    537    988
    487    342    266    641    687    878     82    831    901     84
    854    917    812    156    659     31    114    592    966    607
    723    273    689    128    869    422    847    266    951    384
    846    438    318    112     80    995    980    744    827    483
    420    681    401    233    827    652    846    932    244    415
    141    560    678    821    678    547    835    526    803    787
    502    649    817    811    354    887    408    334    233    235
    410    644    508    403    469    336     55    315    860    881
    322    593    441    990    414    712    537    842    830    932
    231    332    582     48    735    528    528    144    454    751
    961    854    987    470    257    456    398    894    364    850
    776    676    443    217    269    450    521    796    884    351
    729    115    276    903    745     11    431    273    737    875
    617    301    332    206    363    181    255    751     76    211
    203    444    877    636    651    146     86    765    535    960
    116    264    667    974    167    413    578    190    278    907
    657    487    208    979    684    561    753    531    904    819
    732    107    263    211    336    506    348    412    271    475
    965    970    729    234    944    488    637    522    270    508
    430    917    587    230    499    271    384    252    394    880
    663    126    978    916    328    906     24    268    318    878
    733    875    450     64    110    394    144    339    509    404
    837    531    321    425    353    412    288    727    654    673
    608    317    391    188    825    709     94    840    569    994
    320    302    472    760    948    572    746     92    503    255
    486    341    378    400    358    722    802    238     51    457
    503    649    366    885    429    192    196    513    624    756
    110    536    650    572    296    599    144     42    681    637
    880    760    570    258    160    520    572    952    351    614
     11    844    263    960    331    285    744    120    788    368
    866    888    496    118    460    782    707    196    416    389
    426    296    149    588    147    891    701    709    445     52
    323    447    488    179    407    810    454    151    920    834
    111    388    325    597    496    775    971    796    564    387
    777    582    276    518    762    413    409    463    714    844
    505    630    883    984    799    290    396    845     33    908
    679    726    888    994    323    976    372    886    772    528
    274    549    702    142     67    464    545     68    918    851
    903    423    481    786    999    280    669    987    717    294
    895    989     21    385    585    926    362    947    813    134
     77    679    276    769    811    925    234    948    984    744
    799    489    759    281    867    361    153    138    348    861
    423    836    850    434    221    435    360    573    975    765
    300    644    444    566     16    847     93    240    795    669
    576    197    158    335    468    618    686    213    746     35
     74    169    861    516    195    674    544    148    248    121
    903    538    755    940    696    761    787    381    593    583
     51    169    770    199     97    830    409    773     43    156
    400    700    907    853    216    103    528    352    241    368
    463    736    498    811    676    786    572    464    167    758
    639    208    917     11    990    606    831    399    972    466
    545    372    166     55    818    965    148    346    317    971
    704    373    707    202    184    384    978    746    838    737
    106     79    936    616     80    528    222    503    917    194
    959     65    557    718    110    375    285    840    313    194
    811    609    557    518    403    731    494    381     80    924
    710    176    993    646    384    665    766    597    168    286
    781    720    933    930     40    635    897    315    475    210
    499    878    809    649    988    212    380    483    185     52
    407    886    811    993    134    195    658    493    384    419
    769    166    731    702     96    761    337    586     76    404
    786    167    282    198    806    270    992    779    345    770
    423    743    258    826    338    974     22    986    467    988
    997    236    154    728    530    833     91    459    419    749
    455    797    907    727    985    315    590    580     94    925
    350    508    270    598    926    200    572    540    779    632
    529    776    858    673    107    981    108    188    440    517
    928    488    315    835    215    892    150    397    472    827
    915    414    927    777     12    853    968    177    394    747
    799    913    523    259    188    620    832    287    401    865
    396    329    353    303    756    558    196    498    548    260
    325     65    665    844    832    269    698    800     38    684
    547    827    199    663    679    377    875    511    654    276
    376    643    197    321    936    943    472    132     44     20
    975    951     75    242    796    897    501     96    300    530
    770    439    949    561    694    230    928    570    334    185
    438    302    818    228    614    754    763     86    479    797
     96    454    749    753    686    147    252    779    233    542
    901    595    972    453    156    666    275     84    828    599
    851    859    892    669     87    506     26    840    582    495
    240    270    541    979     23    819    126    265    598    349
    400    102    536    964    147    682    232    412    358     61
     12    210    512    894    471    191    992    487     31    176
    574    261    436    115    832     51    924    948    306    125
    889    696    217     27    660    354    301    883    358    650
    536    360    452    640    846    515    821    838    993    444
     14    567    696     42    275    130     83    199    671    972
    314    560    668    123    578    921     69    869    406    418
    121    534    370    165    174    217    671    985    647    266
    429    254    425    717    286    690    440    360    482    111
    924    388    263    194    502    433    115    163    895    113
    571     16    239    932    764    403    741     37    980    388
    293     12    632    310    321    909    593    751    861     75
    454    785    453    708    969    547    141    677    701     36
    382    864    635    612    398    991    607    139     28    190
    518    903    192    742    213    105    253    398    449    706
    463    893     93    509    203    655     56    335    924    349
    953    306    214    190    510    204    181    118    334    791
    298    444    296     82    778    500    769     32    490    218
    330    944    112    414    453    897     69    101    232    983
    441    778    881    247    560    392    441    334    102    367
    125    390    403    412     64    182    504    823    796    984
     42    126    530    736    132    973    633    191    667    458
    766    108    828    648    937    388    632    970    712    724
    338    828    706    333    832    760    505    336    185    893
    912    217     20    443    545    142     18    771    916    277
    229    682    967     57    922    904     37    554    875    740
    870    805    170    576    138    992    928    236    920    114
    129    434    913    139    469    459    864    478    230    780
    347     51     64    315    690    579    219    319    725    686
     59    596    491    219    764    620    803    693    846    723
    797    965    158    710    697    219    761    163    687    583
    535     35    226    589    932    906    760    151    226     88
    828    867    674    911     87     40    133    482    723    571
    206    122    139    946    823    826    165    186    581    445
    760    116     72    976    297    994    485     58    737    303
    136    167    170    402     79    839    432    202    322    748
    366    120    860    495    658    285    913    415     64    494
    850    814    600    514    790    887    110    867    537    838
    170    663    995    331    657    666    762    682    461     84
    430    817    194    882    312    444    760    817    850    814
    311    700    230    901    807    612    390    907    480    918
    347    640    183    343    563    433    601    326    115     62
    400    137    471    187    611    375    621    371    192    471
    777    493    764    599    986    571    212    969     80    682
    887    418    914    662    353    478     95    944    794    792
    599    786    919     70    565    531    436    187    494    618
    250    864    704    606    463    292    769    665    261    840
    939    740    850    854    403    203    924     90    739    320
    475    338    106    394    991    264    517     29    441    604
    239    283     70    933    880    125    818    649    383     79
     91    322    810    931    768    805    726    692    487    466
     12    952    396    701    939    979    955     58    998    988
    652    830    863    314    365    743    430    183    985    803
    253    668    717    655    600    486     62    918    770    539
    384    375    492    373    668     33    352    225     81    943
    213    326    773    668    630    730    412    652    904    989
    455    749    657    765    404    849    843    456    768    613
    587    744    580    671    117    248    694     62    463    766
    995    268     92    370    927    314    100    931    957    596
    522     14    345    771    769    341    621    214    389    981
    420    967    725    990    638    435    831    925     89    886
    691     84    747    375     46    674    281    728    207    830
    917    719    835    262    490    206    196    703    411    575
    286    821    542    604    413    773     39    244    698    710
    723    981    784    470    948    422    144    229    742    933
     60    659    254    487    514    336    285    700     40    686
    275    908    109    410    512    115    775    143    941    473
    843    664     56    229    134    994    243    860    223    976
    793    865    635     47    352    741    374    628    441    996
    906    707    506    608    709     19    315    484    744    256
    549    190    911    595    409    637    191    245    498    404
    221    883    862    448    523    214    190    489    434    223
     87    933    920    583    541    231    592    846    307    929
    694    846    119    605     43    518    835    224    355    925
    221    566    808     83    607    923    879    389    412    314
    602    489    839    125     73    380    346    257    818    644
    186    512     92    295    710    126    406    545    340    751
    470    551    910    870    226    517    794    106    498    798
     12    100    288    841    215    943    813    552    200    631
    788    969    735    870    856    445    986    854    582    919
    208    644     72    118    515    289    227    901    977    715
    301    979    407    181    422    613    124    235    165    907
    458    545    478    785    415    334    823    994    781    405
    515    979     50    179    689    157    458    508    650     37
    815    941    608    222    715     30    825    829    847    582
    338    305    127    806    683    135    733    506    721    514
    901    828     95    543    997    774    292     58    282    534
     85    689     78    684    901    783    704    727    214    154
    901    543     51     29    941    724    746    674    230     69
    780    132    887    865    267    486    241    152    534    115
    676    610    794    346    886    696    129    590     25    926
    336    916    469    378    537     12    102    875    279    323
    536     59     47    423    517    896    502    748     48     36
    854    317    238    250    653    124    936    375    307    553
    301    633     72    760     11    599    364    104     77    633
     19    603    683     56    619    200    544    121    540    583
    739    986    890    968    237    145    684    765    510    981
    319    801    217    381    163    218    572    518    904    241
    151    515    835    426    163     56    218    698    167    749
    281    498    735    763     68    962    898    743    728    409
    326    639    802    533     20    956    344    184    474    840
    416    217    356    843    634    509    889    842    207    648
    591     80    146    919    435    205    881    334    540    211
    335    856    840    137    390    452     93    724    627    159
    564    635    367    512    478    593     22    959    435    811
    607    619    484    345    538    909    540     21    835    672
    223    170    529     63    890    909    108    575    235    725
    725    391    360    684    894    430    277    508    389    702
    911    986    913    395    923    451    897    464     65    334
    136    278     97    257    923    977    166     31    552    983
    348    869    375    300    553    269    720    422    369    109
    717    280    687    630    268    611    674    757    667    729
     91    395    997    770    643    522    747    401    146    892
    385    484    363    750    775    509    611    495    921    572
    197    638    444    874    861    304     87    535     61    744
    264    735    140    853    505    375    967    845    766    113
    339    151    190    692    493    955    201    696     52    715
    268    239    945    703    706    806    997    783    933    651
    130    789    978    852    244     85    227    212    920    585
    907    259    329     97    544    812     52    337    509    687
     52    369    518    988     72    224    396    662    600    330
    905    720    711    883    174    946    958    391    158    481
    966     65    332    887    745    866    700    787    204    801
    474    838    170    585    826    825    799    815     89    991
    737    984    313    448    867    477    394    427    460    144
    898     29    200    231    906    935     97    606    324    883
    999    391    722    762    966    150    587    367    955    268
    359    692    252    264    141    711    732    127    138    192
    262     37    211     54    258    710    581    937    908    895
    821    908    878    145    670    446    285    849    804    241
    117    755    525    951     19    258    662    343    376    790
    128    628    419    921    672    269    631    845    799    540
    342    620    448    221    755    710    259    632    161     63
    863    860    410    389    811     22    637    473    355    605
    855     75    825    275    987     99    136    618    934    925
    158    277    545    198    488    892    500    737    127    651
    393    980    113    395    961    914    999    201    979    947
    796    835     22    622    702    999    313    828    618    248
    754    368    515    891    159    595    386    251    924    503
    893    909     85    996    305     47    513    896    830    492
    843    228    327    856    442    621    855    746    450     75
    984    796     36    101    687    777    686    665     28    212
    168    513    122    836    112     19    873    615    905    305
    107    749    523     27    605    558    240     62    896    680
    720    880     78    348    971    756    125    259     23    143
    461    182    647    175     18    749    184    483    956     90
    380     63    431    495    672    628     53    903    282    939
    185    992    421    254    932    984    602     57    835    615
    783    297    389     32    462    989    373    239     74    329
    319    444    974    342    532    647    960    575    152    242
    117    919    827    130    173    759    115    367    409    940
    575    192    829    954    214    884    546    577    123    610
    498     34    647    472    366    179    119    918    346    853
    160     55    773    579    176    538    339    873    498    738
    415     73    522    837    619    328    721    757    497    436
    368    985    460    607    457    418    378    169    336    316
     22     88    362    387    658    130    518    987    993     16
    327     10     79    441    837    290    759    160     48    256
    586    998    833    638    207    290     56    575    449    974
    881     64     63    243     43    711    955    551    698    948
    159    617    949    820     58    786    111    409    539    149
    655    125    739    488    754    936    370    402    511    412
    377    984     68    430    820    101    733    775    245     33
    724    394    640    275    807    290    653    908    689    192
    649    936    900    388     26    654    916    386    648    427
    390    617     13    448     47    823    142    372    599    969
    395    915    955     35    190    762    315    435    670    994
    618    911    532    518    891    548    764    807    925     14
    234    315    622    238    356    261    653    488    624    252
    457     19    759    412     45    541    767    942    967    437
    539    187    941     71    297    832    610     61    640    137
     65    466     44    279    296    982    531    940    470    155
    784    519    164    544    524    791    677    291    734    644
    320    865    423    261    528    710    686    138    363    326
    857     21    384    494    290    671    476    811    213    539
    956    589    650    713    725    174    106    403     57    432
    639    960    297     63    813    816    763    499    546    127
    417    404    138    792    888     20     65    956    822    268
    495    380    847    146    685    175    902    782    568    950
    214    207    910    104    260    325    910    616    815    456
    335    232    452    463    616    932     75    671    889    887
    531    384    860    971    122    545    146     25    919    306
    965    134    503    477    228    356    792    730    962    209
    778    297     34    823    352    640    755    417    904    246
    897     37    223    359    998    335    496    736    350    416
     42    907    142    138    976    952    484    371    284     48
    172     62    927    196    477    279    429    233    288    925
     71    777    952    284    136    553    212    225    289    154
    233    914    654    365     52    232    909    128    195    193
    166    358    837     93    146    315    954    167    140    834
     92    201    214    637     78    932    190    872    157     71
     26    380    975    272    337    619    495    838    737    680
    623    495     38    461    578    767    368    134    924    100
    561     17    883    765    644    951    697    426    425    845
    487    442    817     65    704    747    674    199    585     14
    472    209    499    102    262     78    859    222    794    784
    312    355    393    195    120    629    739    808     55    164
    255    134    198     72    781    495    809    456    286    987
    460    748    196    551    841     50    619    700    262     16
     86    166    361    469    351     74    690    682    474    735
    439    321    462    627    383    243    122    785    291    399
    374    343    739    560    885    580    202    106    873    454
    112    551    610     66     21    553    722    303    236    196
     39    267    507     93    884    482    918    599    859    210
    590    233    145    329    385     30    502    179    719    967
    623    423    518    825     81    131    971    793    425    799
    581     56     66    680    139    940    755     57    141    614
    849    721    440    985    643    417    607    145    587    326
    112    802    342    222    230    413    344    201    207    759
    990    778    805     56     61    536    588    806    185    322
     22     35    635     54    612    278    462    219     15    641
    138    709     45    470    922    857    475    266     58    672
    617    640     53    422    288    104    550    469    900    725
    781    912    750    416    559    954    287     21    766    292
    254    496    992    881    558    516    739     33    772    389
    696    389    622    341    403    502    435    545    961    927
    270    344    441    613    353    990    567    630    603    333
    514    449    819    108    923    377    614    264    401    978
    245    689    959    857    622    954    360    649    499    913
    576    760    850    609    965    203    202    532    425    397
    458    531    837    869    630    362    839    836    616    832
    815    851    123    376    311    735    331    263    384    820
    176    552    182     26    161    147    811    945    272    236
    343    322    360    180    783    980    134    622    418    740
     56    825    193    169    202    494    894    125    349    870
    935    516    422    710    134    176    449    538    121    313
    366    454    227    716    226     11    298    350    225    309
    682    272    134    866     33    918    952    520     43    302
    390    571    410    405    281    136    571    322    664    682
    228     31    729    445    339    945     48    628    888    264
    927    570    128    653    436    151    572    389    263    605
    681    644    768     91     49    641    217    212    954    474
    486    182    495    215    219    426    161    258    646     49
    512    175    211    232    819    638    965    983    619    229
    190    300    465    949    973    106    590    782    308    146
    256    784    318    343    990    130    760    743    378    998
    384    482    174    585    704    585    815    669    568    434
    888    748    326    945    697    891     51    880    674    349
     26    920    726    927    856    318     57    218     61    425
    216     37    897    380    214    203    955     30    862    523
     56    353    864    373    298    163    264    340     43    530
    281    652     53    599    579    899    907    626    117    560
    643    323    587    142    296    394    335    251     16    197
    367     62    142    823     27     33    976    874    955    612
    404    236    264    447    826    435    938    733    653     55
    886    296    961    473     30    257    459    355    498    465
    144    457    518    277    280    137    892    849     11    847
    461    998     83    317     47    501    742    976    827    987
    623    713    875    584    778    895    831    238    250    922
    295    976    379    803    253    650    533    737    499    136
    584    552    726    658    461    764    751    795    342    578
    782    955    883    657    540    662    154    963    492    394
    885    777    370    265    183    216    507    706    545    598
    434    130    150    161    380    203    517    131    988    849
    302    770    804    185     29    936    837    173    900    921
    159    785    699    121    642    872    919    149    180    465
    737    604    585    479    755    955    672    864    678    660
    713    970     32    120    156     51     56    585    806    548
    507    955    926    798    669    568    670    588    708    442
    645     47     46    230    119    394    777    781    258    456
     44    564     28    658    674    766    700    322    352    108
    463    451     64    389    249    723    947    511    903    257
    943    549    887    581    371    996    567    741    379    418
    789     15    972    807    664    248    574    364    560    518
     64    615    959    118    994    208    433    544    311    929
    393    254     80    280    825    441    868    393    182    248
    801    961    253    375    371    509    613    935    465    765
    453    520    381     14    230    967    804    654    511    115
    185    497    359    255    369    776    288    238    761    461
     78    164     24    913    529    385    423    142    320    878
    500    365    398    871    961    221    440    765    865    544
    472    642     41    423    887    400    200    175    230    951
    228    298    116    243    804    237    618    819    962    531
    697    462    488    688    925     52    899    365    409    366
    899    872    600    930    295    487    923     87    254    153
     39    473     44    737    308    440    964    518    259    926
    641    548    980    722    828    905    764    329    271    173
    685    762     45    877    693    923    364    218     10    211
    953    631    276    589    960    574     29    527    684    870
